idx	label	predict	radius	correct	time
0	3	3	0.0	1	0:05:38.339903
500	4	4	0.0	1	0:06:22.308011
1000	5	5	0.0	1	0:06:22.351035
1500	1	1	0.0	1	0:05:54.267695
2000	1	1	0.0	1	0:04:54.264510
2500	4	4	0.0	1	0:06:14.511986
3000	5	5	0.0	1	0:05:37.057100
3500	1	1	0.0	1	0:05:45.155124
4000	8	0	0.0	0	0:06:22.385844
4500	3	3	0.0	1	0:06:09.412489
5000	7	7	0.0	1	0:05:56.019916
5500	8	8	0.0	1	0:05:07.964460
6000	8	8	0.0	1	0:06:02.796843
6500	7	7	0.0	1	0:06:28.181989
7000	2	2	0.0	1	0:04:51.224349
7500	6	6	0.0	1	0:06:09.525319
8000	9	9	0.0	1	0:06:31.028136
8500	4	4	0.0	1	0:06:43.020774
9000	8	8	0.0	1	0:06:11.576575
9500	9	9	0.0	1	0:04:57.814047
