idx	label	predict	radius	correct	time
0	3	-1	0.0	0	0:00:08.275066
500	4	-1	0.0	0	0:00:05.986651
1000	5	-1	0.0	0	0:00:06.016102
1500	1	-1	0.0	0	0:00:05.872859
2000	1	-1	0.0	0	0:00:06.102453
2500	4	-1	0.0	0	0:00:06.127237
3000	5	-1	0.0	0	0:00:05.946359
3500	1	-1	0.0	0	0:00:06.013319
4000	8	-1	0.0	0	0:00:06.100466
4500	3	-1	0.0	0	0:00:05.968680
5000	7	-1	0.0	0	0:00:06.038503
5500	8	-1	0.0	0	0:00:06.191391
6000	8	-1	0.0	0	0:00:06.125343
6500	7	-1	0.0	0	0:00:06.025540
7000	2	-1	0.0	0	0:00:04.956779
7500	6	-1	0.0	0	0:00:04.608491
8000	9	-1	0.0	0	0:00:04.611129
8500	4	-1	0.0	0	0:00:04.725839
9000	8	-1	0.0	0	0:00:04.735686
9500	9	-1	0.0	0	0:00:04.591347
