idx	label	predict	radius	correct	time
0	3	-1	0.0	0	0:00:10.807209
5	6	-1	0.0	0	0:00:05.668277
10	0	-1	0.0	0	0:00:06.389920
15	8	-1	0.0	0	0:00:06.044989
20	7	-1	0.0	0	0:00:05.793115
25	2	-1	0.0	0	0:00:05.416118
30	6	-1	0.0	0	0:00:04.201546
35	2	-1	0.0	0	0:00:05.067964
40	4	-1	0.0	0	0:00:05.657310
45	9	-1	0.0	0	0:00:05.711244
50	9	-1	0.0	0	0:00:05.336598
55	8	8	0.526	1	0:00:05.541357
60	7	-1	0.0	0	0:00:05.895047
65	2	-1	0.0	0	0:00:04.579070
70	2	-1	0.0	0	0:00:05.630558
75	2	-1	0.0	0	0:00:05.624779
80	8	-1	0.0	0	0:00:05.670878
85	5	7	0.247	0	0:00:05.143888
90	0	-1	0.0	0	0:00:05.679010
95	6	3	0.00414	0	0:00:05.759916
100	4	-1	0.0	0	0:00:05.657261
105	1	1	1.15	1	0:00:05.497244
110	4	-1	0.0	0	0:00:05.514748
115	3	-1	0.0	0	0:00:05.368740
120	8	8	0.0825	1	0:00:05.856382
125	0	-1	0.0	0	0:00:05.594877
130	4	4	0.218	1	0:00:05.942050
135	2	-1	0.0	0	0:00:05.632226
140	6	-1	0.0	0	0:00:05.519402
145	7	-1	0.0	0	0:00:05.619389
150	8	8	0.426	1	0:00:05.155682
155	5	-1	0.0	0	0:00:04.565942
160	2	-1	0.0	0	0:00:05.846681
165	4	-1	0.0	0	0:00:05.524419
170	9	-1	0.0	0	0:00:05.492229
175	9	9	0.634	1	0:00:05.425063
180	0	0	0.304	1	0:00:05.755372
185	8	8	0.426	1	0:00:05.583915
190	5	-1	0.0	0	0:00:05.916262
195	2	-1	0.0	0	0:00:04.331864
200	5	-1	0.0	0	0:00:05.224776
205	3	-1	0.0	0	0:00:05.750009
210	7	-1	0.0	0	0:00:05.251746
215	0	-1	0.0	0	0:00:05.734751
220	7	7	0.714	1	0:00:05.508847
225	9	-1	0.0	0	0:00:05.203704
230	5	5	0.191	1	0:00:05.061574
235	0	0	1.35	1	0:00:05.520118
240	1	1	0.954	1	0:00:04.849758
245	3	3	0.163	1	0:00:04.481799
250	5	-1	0.0	0	0:00:05.633103
255	0	-1	0.0	0	0:00:05.704834
260	8	-1	0.0	0	0:00:04.968531
265	8	8	0.801	1	0:00:05.140905
270	2	-1	0.0	0	0:00:05.496951
275	5	3	0.0825	0	0:00:05.570100
280	9	9	0.334	1	0:00:05.414937
285	9	9	0.426	1	0:00:05.584823
290	1	1	1.35	1	0:00:05.178154
295	4	-1	0.0	0	0:00:04.946400
300	6	-1	0.0	0	0:00:04.649299
305	1	8	0.0825	0	0:00:05.513368
310	8	8	1.15	1	0:00:05.358343
315	0	0	0.673	1	0:00:05.645132
320	3	3	0.109	1	0:00:05.646328
325	1	-1	0.0	0	0:00:05.086090
330	1	1	0.191	1	0:00:05.131207
335	9	-1	0.0	0	0:00:05.194136
340	2	-1	0.0	0	0:00:05.705374
345	5	-1	0.0	0	0:00:04.903975
350	9	-1	0.0	0	0:00:04.639469
355	7	-1	0.0	0	0:00:05.354612
360	9	-1	0.0	0	0:00:04.659706
365	4	-1	0.0	0	0:00:05.700960
370	4	-1	0.0	0	0:00:05.602026
375	7	-1	0.0	0	0:00:04.477629
380	6	-1	0.0	0	0:00:04.140501
385	8	-1	0.0	0	0:00:05.637927
390	1	1	0.109	1	0:00:04.664535
395	6	-1	0.0	0	0:00:05.030813
400	9	-1	0.0	0	0:00:05.579239
405	4	-1	0.0	0	0:00:04.082656
410	7	-1	0.0	0	0:00:05.562524
415	9	9	0.163	1	0:00:05.423118
420	4	-1	0.0	0	0:00:03.948325
425	9	9	0.0562	1	0:00:05.421786
430	2	-1	0.0	0	0:00:05.403456
435	7	-1	0.0	0	0:00:05.122098
440	1	1	0.275	1	0:00:05.469670
445	7	-1	0.0	0	0:00:05.018439
450	2	-1	0.0	0	0:00:05.129104
455	4	-1	0.0	0	0:00:05.368065
460	5	5	0.247	1	0:00:05.298231
465	4	-1	0.0	0	0:00:05.615262
470	3	3	0.247	1	0:00:04.726049
475	7	7	0.0562	1	0:00:05.346945
480	8	-1	0.0	0	0:00:05.656545
485	9	-1	0.0	0	0:00:05.282336
490	1	1	0.673	1	0:00:05.064748
495	8	8	0.954	1	0:00:05.686253
500	4	-1	0.0	0	0:00:05.558493
505	4	-1	0.0	0	0:00:05.867057
510	5	5	0.426	1	0:00:05.886468
515	3	3	0.247	1	0:00:05.242691
520	5	-1	0.0	0	0:00:05.605496
525	5	3	0.163	0	0:00:05.442611
530	9	-1	0.0	0	0:00:05.512583
535	6	-1	0.0	0	0:00:04.581176
540	1	-1	0.0	0	0:00:05.437001
545	9	-1	0.0	0	0:00:05.113854
550	5	-1	0.0	0	0:00:05.040226
555	4	-1	0.0	0	0:00:05.204577
560	0	0	0.191	1	0:00:05.623262
565	3	3	0.0562	1	0:00:05.033856
570	6	-1	0.0	0	0:00:05.320403
575	6	-1	0.0	0	0:00:04.878105
580	4	-1	0.0	0	0:00:04.667275
585	9	-1	0.0	0	0:00:05.252055
590	6	6	0.459	1	0:00:05.093160
595	4	-1	0.0	0	0:00:04.740102
600	8	-1	0.0	0	0:00:05.099729
605	6	-1	0.0	0	0:00:04.866975
610	6	-1	0.0	0	0:00:04.870001
615	8	-1	0.0	0	0:00:04.912660
620	7	-1	0.0	0	0:00:05.037356
625	9	-1	0.0	0	0:00:05.366528
630	2	-1	0.0	0	0:00:04.632125
635	6	-1	0.0	0	0:00:05.161556
640	5	3	0.849	0	0:00:04.542518
645	1	1	1.5	1	0:00:05.263811
650	3	3	0.9	1	0:00:05.245397
655	2	4	0.334	0	0:00:05.451638
660	9	-1	0.0	0	0:00:04.951401
665	8	8	0.426	1	0:00:05.481338
670	6	-1	0.0	0	0:00:05.682371
675	0	-1	0.0	0	0:00:05.241848
680	9	-1	0.0	0	0:00:04.872699
685	6	-1	0.0	0	0:00:05.259916
690	3	-1	0.0	0	0:00:05.067407
695	3	4	0.0562	0	0:00:04.599346
700	7	-1	0.0	0	0:00:05.244123
705	4	-1	0.0	0	0:00:05.086183
710	6	-1	0.0	0	0:00:05.746599
