idx	label	predict	radius	correct	time
0	3	0	0.274	0	0:00:10.434531
10	0	-1	0.0	0	0:00:03.851444
20	7	-1	0.0	0	0:00:03.635424
30	6	0	0.274	0	0:00:03.438072
40	4	-1	0.0	0	0:00:03.751164
50	9	-1	0.0	0	0:00:03.703573
60	7	2	0.0661	0	0:00:03.768005
70	2	2	0.274	1	0:00:03.429903
80	8	-1	0.0	0	0:00:03.382731
90	0	-1	0.0	0	0:00:03.739224
100	4	-1	0.0	0	0:00:03.927717
110	4	3	0.274	0	0:00:03.495448
120	8	-1	0.0	0	0:00:03.474065
130	4	-1	0.0	0	0:00:03.475987
140	6	-1	0.0	0	0:00:03.795974
150	8	-1	0.0	0	0:00:03.549064
160	2	-1	0.0	0	0:00:03.613894
170	9	2	0.274	0	0:00:03.484560
180	0	-1	0.0	0	0:00:03.512604
190	5	-1	0.0	0	0:00:03.721869
200	5	-1	0.0	0	0:00:03.652922
210	7	-1	0.0	0	0:00:03.346695
220	7	-1	0.0	0	0:00:03.677438
230	5	-1	0.0	0	0:00:03.626873
240	1	-1	0.0	0	0:00:03.360476
250	5	-1	0.0	0	0:00:03.552528
260	8	-1	0.0	0	0:00:03.629087
270	2	-1	0.0	0	0:00:03.659588
280	9	-1	0.0	0	0:00:03.609370
290	1	-1	0.0	0	0:00:03.584511
300	6	0	0.274	0	0:00:03.399266
310	8	-1	0.0	0	0:00:03.738914
320	3	-1	0.0	0	0:00:03.662849
330	1	-1	0.0	0	0:00:03.704166
340	2	-1	0.0	0	0:00:03.670655
350	9	-1	0.0	0	0:00:03.507852
360	9	0	0.274	0	0:00:03.364098
370	4	-1	0.0	0	0:00:03.908787
380	6	0	0.274	0	0:00:03.390014
390	1	0	0.274	0	0:00:03.345132
400	9	-1	0.0	0	0:00:03.595797
410	7	-1	0.0	0	0:00:03.881706
420	4	0	0.274	0	0:00:03.386230
430	2	-1	0.0	0	0:00:03.698127
