idx	label	predict	radius	correct	time
0	3	3	0.27	1	0:00:08.446620
500	4	-1	0.0	0	0:00:06.338019
1000	5	5	0.375	1	0:00:06.195950
1500	1	1	0.375	1	0:00:06.062154
2000	1	1	0.189	1	0:00:05.722461
2500	4	-1	0.0	0	0:00:06.093367
3000	5	5	0.31	1	0:00:05.952802
3500	1	1	0.0408	1	0:00:05.566956
4000	8	-1	0.0	0	0:00:05.674252
4500	3	3	0.225	1	0:00:05.708907
5000	7	7	0.375	1	0:00:05.730340
5500	8	8	0.253	1	0:00:05.357812
6000	8	8	0.115	1	0:00:05.491602
6500	7	-1	0.0	0	0:00:05.747035
7000	2	-1	0.0	0	0:00:04.751036
7500	6	6	0.375	1	0:00:05.441253
8000	9	9	0.375	1	0:00:05.678614
8500	4	4	0.337	1	0:00:05.822288
9000	8	8	0.375	1	0:00:05.712784
9500	9	9	0.14	1	0:00:04.928651
