idx	label	predict	radius	correct	time
0	3	3	0.56	1	0:30:04.510638
500	4	4	0.0125	1	0:30:52.105261
1000	5	5	0.634	1	0:30:40.594286
1500	1	1	0.8	1	0:30:22.025687
2000	1	1	0.508	1	0:29:18.350248
2500	4	-1	0.0	0	0:30:37.168512
3000	5	5	0.673	1	0:29:55.502342
3500	1	1	0.286	1	0:30:01.329411
4000	8	0	0.00445	0	0:30:35.903896
4500	3	3	0.584	1	0:30:07.736839
5000	7	7	0.8	1	0:29:57.099241
5500	8	8	0.8	1	0:29:32.668671
6000	8	8	0.355	1	0:30:00.103245
6500	7	-1	0.0	0	0:30:42.278145
7000	2	2	0.0529	1	0:29:06.287630
7500	6	6	0.8	1	0:29:56.582468
8000	9	9	0.8	1	0:30:51.450005
8500	4	4	0.743	1	0:31:06.999446
9000	8	8	0.8	1	0:30:38.213781
9500	9	9	0.778	1	0:29:22.235315
