idx	label	predict	radius	correct	time
0	3	3	0.384	1	0:05:57.936496
400	9	9	0.384	1	0:05:22.961869
800	7	7	0.384	1	0:05:22.441911
1200	8	8	0.384	1	0:05:22.617655
1600	8	8	0.231	1	0:05:20.667375
2000	1	1	0.384	1	0:05:24.840128
2400	0	0	0.384	1	0:05:24.653654
2800	4	4	0.384	1	0:05:20.815672
3200	5	5	0.384	1	0:05:22.425172
3600	4	3	0.328	0	0:05:24.714478
4000	8	0	0.0539	0	0:05:22.657958
4400	3	3	0.374	1	0:05:20.530772
4800	9	9	0.384	1	0:05:21.295060
5200	3	3	0.235	1	0:05:20.740211
5600	6	3	0.0816	0	0:05:22.370321
6000	8	8	0.374	1	0:05:19.390345
6400	0	0	0.384	1	0:05:24.246505
6800	6	6	0.205	1	0:05:19.783180
7200	4	4	0.269	1	0:05:41.127229
7600	8	8	0.255	1	0:05:46.820402
8000	9	9	0.367	1	0:05:41.808061
8400	0	0	0.346	1	0:05:59.838611
8800	0	0	0.384	1	0:05:43.174723
9200	8	8	0.384	1	0:05:40.126960
9600	8	8	0.384	1	0:05:38.651010
