idx	label	predict	radius	correct	time
0	3	3	0.18	1	1:05:23.845387
500	4	-1	0.0	0	1:06:10.022308
1000	5	5	1.51	1	1:06:07.817713
1500	1	1	0.921	1	1:05:34.218144
2000	1	-1	0.0	0	1:04:31.583487
2500	4	-1	0.0	0	1:05:51.433736
3000	5	5	1.34	1	1:05:09.425178
3500	1	1	0.142	1	1:05:16.265304
4000	8	-1	0.0	0	1:05:57.782775
4500	3	-1	0.0	0	1:05:49.540557
5000	7	7	2.53	1	1:05:32.461418
5500	8	-1	0.0	0	1:05:10.508681
6000	8	-1	0.0	0	1:05:45.571583
6500	7	-1	0.0	0	1:06:21.384676
7000	2	-1	0.0	0	1:04:47.583896
7500	6	6	2.86	1	1:05:44.437883
8000	9	9	1.1	1	1:06:20.830988
8500	4	4	0.571	1	1:06:34.607658
9000	8	8	2.35	1	1:06:07.351767
9500	9	9	0.111	1	1:04:52.648630
