idx	label	predict	radius	correct	time
0	3	3	0.659	1	0:47:48.146466
500	4	-1	0.0	0	0:48:33.507736
1000	5	5	1.03	1	0:48:23.976719
1500	1	1	1.22	1	0:47:52.466633
2000	1	1	0.375	1	0:46:54.174369
2500	4	-1	0.0	0	0:48:23.443439
3000	5	5	0.945	1	0:47:32.332827
3500	1	-1	0.0	0	0:47:20.026465
4000	8	0	0.0567	0	0:47:56.203402
4500	3	3	0.482	1	0:47:38.483608
5000	7	7	1.6	1	0:47:31.586320
5500	8	8	0.697	1	0:47:10.793869
6000	8	8	0.306	1	0:48:02.507144
6500	7	-1	0.0	0	0:48:52.725827
7000	2	-1	0.0	0	0:47:09.006615
7500	6	6	1.6	1	0:47:41.382518
8000	9	9	1.33	1	0:48:30.145092
8500	4	4	0.967	1	0:48:47.267797
9000	8	8	1.6	1	0:48:20.041718
9500	9	9	0.862	1	0:47:13.226622
